.Random.seed <-
c(403L, 11L, -1098726241L, 1082476070L, 1536230064L, -1806954669L, 
296172145L, -933804128L, 129560382L, -1813580215L, -173124869L, 
-1355771190L, 1181365292L, -492016593L, 599819493L, 1418259868L, 
-1368780814L, 957401709L, -521334873L, -1532407346L, 1282086696L, 
-1654137557L, -2018578615L, 1149408344L, 1022177542L, 205319393L, 
24874099L, 1187576034L, -283942828L, 1892558167L, 631985485L, 
102033636L, 1760515274L, -234137291L, 600084367L, 632376470L, 
-530430912L, 496309507L, 721565985L, 473559568L, -1582171666L, 
1854098841L, 1036368427L, 1808927514L, -33951268L, -196180001L, 
1934917557L, -1481422516L, -1763901534L, -1806100739L, 553703415L, 
1181118750L, 2052594648L, -2064515781L, -1482286375L, -1917847960L, 
1751033750L, -274353391L, -1348772669L, 1005491410L, 1661100388L, 
-1123191641L, -1576199683L, -1468713996L, 759254234L, -1121165787L, 
2112172863L, -1389559610L, -808247984L, -1839569549L, 1742860177L, 
-1634614848L, -389987426L, 1526095209L, 1241064859L, 699189418L, 
588854988L, 228104079L, 331043781L, 780482428L, 469551058L, 103163725L, 
1224832519L, -543537682L, 467456200L, 1604263883L, 1322580521L, 
1083426936L, -1013922394L, -1528197183L, -677407661L, -298599678L, 
-697311692L, -1276945481L, 1591757741L, 2087952580L, 573314282L, 
949214037L, -1692128017L, -792435978L, 1054674464L, 1156535267L, 
-934782847L, 1052722928L, 1587766670L, 1383320313L, 1917028491L, 
-1307488070L, 1063879612L, 986421503L, -1148654507L, -742303892L, 
-1547106366L, -763957219L, -611463017L, 1468231166L, 659725752L, 
1875702171L, 753072121L, -1498161336L, 2095950454L, -345709647L, 
1111129571L, 2074714802L, 1651678980L, 645923911L, 1981141789L, 
751626644L, -283390662L, -720162427L, 1696236127L, -2117901082L, 
-2021886096L, -1793541997L, -1185123023L, 848143328L, 1050374270L, 
-893867255L, 1054600507L, 1976975626L, 302649580L, 1436474735L, 
1833869989L, 1599364188L, 470383666L, 486267693L, -1957305881L, 
-1911333618L, -930270488L, -438960917L, 25867657L, -962951912L, 
1091840070L, 159862945L, 1000003379L, 997934754L, 1763259796L, 
-1039115241L, 1830472717L, 813484324L, 1587569930L, -979762059L, 
1822175183L, -934252330L, -652521344L, 839782083L, -1070180255L, 
-1857541936L, 813523502L, -1729748007L, 580529131L, -1601238438L, 
-378815460L, 1140001055L, 880187765L, -1849124852L, 1648083426L, 
605641405L, -575392457L, 1555577310L, -1079648488L, 202552955L, 
987345945L, 741483688L, 1404067414L, -1895941423L, -90834301L, 
-1152724718L, -1657514844L, 635077735L, 1544949181L, 1761136436L, 
-827315046L, -743648539L, -305107841L, -710760954L, 1812509072L, 
400534579L, -1791564847L, -1456068224L, -544914338L, 165122985L, 
-1364047269L, -1337758102L, -646933748L, -1275349681L, 1826156037L, 
-1733241668L, 1124943250L, -323150195L, 1201976519L, 1310167470L, 
1800633352L, -854937589L, -1208597271L, 721396664L, -1272845210L, 
1325501697L, -1215263853L, 1118669890L, 1598387188L, 543702519L, 
815669741L, 668177028L, 662324394L, 141881877L, -460910929L, 
1004448950L, -168076576L, -2038437246L, -1245736768L, 39273788L, 
833738896L, 2088484386L, 570350088L, 175052044L, 1295491740L, 
-1951074798L, 1285996928L, 537551380L, 1310277160L, 1940693306L, 
-2014970928L, -1929023892L, -1982051532L, -1161235822L, 1725797728L, 
1164940620L, 1911559136L, -1885507678L, -230748248L, 781799308L, 
-1519121732L, 1058532210L, -87375632L, -1807999932L, -1549419176L, 
652316730L, -1421708432L, 1242059836L, 100510484L, 1841667522L, 
-1414566688L, -1821264004L, -653101360L, 670177954L, -190032856L, 
-361930484L, -71296068L, 1740150066L, -1302247488L, -475830732L, 
1835817928L, 1158919354L, 426223504L, -325318164L, 629445716L, 
1505704594L, -2125792480L, 247071180L, 1938598880L, -1329727806L, 
215168552L, 130772652L, 1237915324L, -1036705294L, -1935632080L, 
8210596L, 800516792L, -2070827174L, 638991760L, 368283004L, 1485082900L, 
252788034L, 1955414784L, -1049662532L, 515105616L, 197244194L, 
1387252040L, -733688820L, -1926329252L, 1513682130L, -876989440L, 
243500884L, -2048079384L, 341335034L, -671462704L, 959259948L, 
-222741260L, 1754235794L, 286968928L, 1737251084L, -338236704L, 
487724386L, -970713432L, -1855869364L, 1683583868L, -683196622L, 
783098480L, -781881020L, 1997326296L, 1123316858L, -1506338256L, 
683658940L, -1253482668L, -691663294L, 894001056L, 1920392380L, 
-335384112L, -126783134L, -1988237336L, 1390263244L, -1705496836L, 
1798767602L, 1945646208L, 115679476L, -1091420024L, -268357318L, 
1373246288L, -2071519124L, 1379523732L, -434977454L, -1932545312L, 
1567182028L, -1975919456L, 987921794L, 1346981096L, 685690092L, 
1570023484L, 1212976242L, -4858768L, 72127012L, -319580616L, 
1256763930L, -534817584L, -2102557124L, 735371412L, 802016386L, 
881036224L, -978161348L, 2005462672L, -581245918L, -1808388088L, 
15725708L, 1622189084L, 1610264722L, -1141087104L, 1335262228L, 
-665471192L, 1086777402L, -1429194544L, 2078849132L, -288198988L, 
-257315822L, 1911501792L, -1224555572L, 1518051808L, 438175778L, 
1056613672L, 1611895052L, -2140290500L, 412063986L, -1632805648L, 
513570628L, 670301272L, 1707005498L, -209669904L, 1407612604L, 
524726804L, 2000927938L, 785754720L, -1542176388L, -1846440752L, 
-127743966L, 2131588264L, 460317068L, 868889020L, 1154378802L, 
2038118208L, -1034046796L, -45351608L, 1952241338L, 1602110224L, 
948140268L, -45216684L, -1945720046L, -1719333472L, -1398982708L, 
-467455136L, 1922448578L, -817618392L, 782908844L, 1054427964L, 
-743817358L, 692969264L, -1166539740L, -731856328L, 943875802L, 
-1115339888L, -455141124L, 1605910932L, -1797881022L, 2136652288L, 
290604092L, -1154782640L, -1764113246L, 46724936L, -1635672564L, 
-1164583204L, -1003814830L, 1187012736L, -1330308268L, 696361960L, 
1466106618L, 205315920L, 150093868L, 1643483508L, 2120921746L, 
-776125856L, 426886284L, 1974629728L, -1844795166L, -597196632L, 
-164197684L, -1785403908L, -1240277070L, -1134479376L, 146425284L, 
-1708238504L, 1808037242L, -320649808L, 992471484L, -190842284L, 
-2065797694L, -136824032L, -832115780L, 802416881L, -165820829L, 
-447262108L, 893800850L, -1336091033L, 1417854513L, -628391050L, 
461469844L, 1094403749L, 1915741103L, -709291928L, 335123526L, 
-1789263373L, -1296073387L, 215656242L, -958059776L, 415821801L, 
45445723L, -23262036L, 777704122L, 511555695L, -1537739271L, 
-1232703346L, -948045476L, -786042419L, -1513417417L, 254732224L, 
-208093026L, -1584405141L, -1096770323L, -1350484646L, 540995096L, 
-1742287999L, -1315606221L, 1536794452L, -2004551326L, -1267355145L, 
-1608138175L, 1985746630L, -558491644L, -1076267083L, -21190497L, 
2022987000L, 1709571286L, -422683293L, 1375975717L, 1726250690L, 
1995197360L, -1098229799L, -669679285L, -1297758276L, 1745674218L, 
1451108383L, 346853033L, -840592834L, 1511104300L, 2010114429L, 
-902400057L, -2038227280L, 1720470734L, 1501058555L, 1169796701L, 
-585303670L, 120791464L, -1126719727L, 604978691L, 1304271108L, 
1228803378L, -1829905529L, 1239624145L, 702341974L, -230586060L, 
-1213867963L, -625188721L, -547303928L, -1614204378L, -1756171565L, 
-1626569675L, -449848430L, -1356592288L, -607439159L, 1370909179L, 
-893348404L, -1164798886L, -1994897073L, -1200187367L, 543514158L, 
1435468860L, 79540653L, 566788695L, 365427616L, 395174142L, -1502379061L, 
-240179L, -1150510854L, -164648136L, 1737066721L, 1611541395L, 
-1271935052L, -1316236094L, 1758779607L, -365976287L, -1294359322L, 
-564792860L, -1598526187L, 1756783935L, -1234126632L, -2011961098L, 
969528067L, 281314373L, 1473223778L, 284933072L, 53825785L, -1328293333L, 
-121846372L, -124043830L, -794808641L, 337915913L, -1506602722L, 
1810207948L, -990789475L, -485739225L, -2041288880L, -1446024722L, 
-649281893L, -1369607939L, 1902082026L, 191492232L, -678023631L, 
165054627L, 1830321316L, 935157074L, 1555142823L, -1743549199L, 
-131154890L, 1745761492L, -1202841499L, -637697425L, -307110744L, 
-1061348858L, -1451074765L, -1506324587L, -280097806L, -485097408L, 
121774505L, 1653993499L, 2000149996L, 490487290L, -800462289L, 
